0
p1: -1.000000 v:1.000000 x:1.500000
p2:-1.000000 v:-1.000000 x:-0.500000
K: 0 P: 1
E: 1
